ID_MAXIMO,Route,Order,Night_shift,longitude,latitude,ID,Service_time
Depot,,0,100,4.34894911389561,52.0653854823115,0,0
HLS0138,1.0,1,0,4.376993,52.050768,1,15
HLS0139,1.0,2,0,4.377239,52.05086,13,15
HLT3905,2.0,1,0,4.33705246394757,52.0689586013162,55,15
HLT3908,3.0,1,0,4.340601,52.067071,25,9
HLT7119,4.0,1,0,4.352312,52.067093,22,15
HLT2649,5.0,1,0,4.33931637114307,52.0843828889647,99,15
HLT2637,5.0,2,0,4.33684134900341,52.0865157166829,100,15
HLS0182,5.0,3,0,4.335973,52.088369,76,9
HLS0129,5.0,4,0,4.339957,52.090202,65,15
HLS0362,5.0,5,0,4.331293,52.092507,68,15
HLS0366,5.0,6,0,4.335599,52.094361,69,9
HLS0367,5.0,7,0,4.347509,52.09932,70,9
HLS0365,5.0,8,0,4.358149,52.105005,71,9
HLS0368,5.0,9,0,4.346273,52.099103,72,15
HLS0364,5.0,10,0,4.334929,52.094274,73,9
HLT0431,5.0,11,0,4.326403,52.096265,134,15
HLT0416,5.0,12,0,4.32193029175675,52.1001790236594,135,15
HLT0415,5.0,13,0,4.32156599743908,52.1001717034707,152,20
HLT0430,5.0,14,0,4.326409,52.096022,153,15
HLS0363,5.0,15,0,4.329667,52.09216,74,9
HLS0363,5.0,16,0,4.329667,52.09216,154,9
HLS0125,5.0,17,0,4.328673,52.084834,67,9
HLS0124,5.0,18,0,4.329035,52.084945,75,9
HLS0157,5.0,19,0,4.332999,52.081448,94,20
HLS0316,5.0,20,0,4.335131,52.079507,95,15
HLS0147,5.0,21,0,4.337596,52.077642,96,15
HLT3912,6.0,1,0,4.336626,52.069903,51,9
HLT0511,7.0,1,0,4.305544,52.089765,219,15
HLT0510,7.0,2,0,4.305635,52.090243,218,15
HLT0504,7.0,3,0,4.30265277689089,52.0933089689487,159,15
HLT0503,7.0,4,0,4.30207935405249,52.0939709414044,158,20
HLT0605,7.0,5,0,4.30115079503412,52.0946637597382,157,9
HLT0727,7.0,6,0,4.28913714381468,52.1072879836596,176,9
HLT0726,7.0,7,0,4.28868138576308,52.1070809777064,175,20
HLT0725,7.0,8,0,4.28639333811982,52.104617517952,177,15
HLT0724,7.0,9,0,4.28629427503056,52.1040868685722,179,15
HLT0734,7.0,10,0,4.28310135961231,52.1014730771013,178,16
HLT0904,7.0,11,0,4.28151634258156,52.0991939850492,204,15
HLT0905,7.0,12,0,4.28133152309854,52.0989761989589,203,15
HLT0911,7.0,13,0,4.27817729560765,52.0954738560172,202,15
HLT0910,7.0,14,0,4.2779008915119,52.0953394429413,201,15
HLT0912,7.0,15,0,4.276237,52.09236,200,9
HLT0944,7.0,16,0,4.278274,52.090842,198,9
HLT1106,7.0,17,0,4.27946560860845,52.0883699908259,192,20
HLT1125,7.0,18,0,4.27800489877421,52.0875793139329,193,20
HLT1103,7.0,19,0,4.27804922351556,52.0872465784974,216,15
HLT0932,7.0,20,0,4.274044,52.086047,195,15
HLT0930,7.0,21,0,4.277596,52.087573,194,15
HLT1117,7.0,22,0,4.28699681366676,52.0852006860692,238,15
HLT1124,7.0,23,0,4.29223345216926,52.0848907024605,239,9
HLT0515,7.0,24,0,4.301436,52.087085,217,15
HLT2401,7.0,25,0,4.31645272209252,52.0848837193078,160,9
HLT3906,8.0,1,0,4.3364707744107,52.0701556590412,54,20
HLT2403,9.0,1,0,4.31683348723635,52.0848754088929,161,15
HLT0226,9.0,2,0,4.29813714441596,52.1090120342029,162,9
HLT0225,9.0,3,0,4.29679152688367,52.1101260213315,163,15
HLT0223,9.0,4,0,4.29589280932128,52.1112833139141,167,15
HLT0224,9.0,5,0,4.29632906024534,52.111317114036,166,15
HLT0309,9.0,6,0,4.306603,52.10937,165,15
HLT0310,9.0,7,0,4.30846406104529,52.108784020229,164,15
HLT0403,9.0,8,0,4.31814917046317,52.1031156242217,145,15
HLT0404,9.0,9,0,4.31796413410107,52.1035931062374,136,20
HLT0406,9.0,10,0,4.317923,52.104215,137,9
HLT0408,9.0,11,0,4.323166,52.105359,139,9
HLT0409,9.0,12,0,4.325369,52.105388,140,15
HLT0407,9.0,13,0,4.323516,52.105956,141,15
HLT0405,9.0,14,0,4.319108,52.104729,138,15
HLT0410,9.0,15,0,4.318902,52.105159,142,9
HLT0402,9.0,16,0,4.31501964749388,52.1012343283809,143,20
HLT0401,9.0,17,0,4.31490865154569,52.1010789016025,144,15
HLT0414,9.0,18,0,4.315853,52.098641,151,15
HLT0413,9.0,19,0,4.315566,52.098441,146,9
HLT0412,9.0,20,0,4.31308300599461,52.0973925733531,150,9
HLT0411,9.0,21,0,4.31159347098113,52.0966546050319,147,15
HLT0418,9.0,22,0,4.31305610533233,52.0945623928717,148,15
HLT0417,9.0,23,0,4.3128388294109,52.0952006965006,149,15
HLT0448,9.0,24,0,4.315419,52.091761,126,9
HLT0447,9.0,25,0,4.315542,52.091529,125,9
HLT0427,9.0,26,0,4.3195205259337,52.0921868243557,129,9
HLT0426,9.0,27,0,4.31957823867838,52.0924967656612,130,15
HLT0428,9.0,28,0,4.323095,52.093601,131,9
HLT0429,9.0,29,0,4.324033,52.094068,132,20
HLT2910,10.0,1,0,4.30018187767599,52.0696457209712,357,15
HLT2909,10.0,2,0,4.29988572911518,52.0695292616339,356,15
HLT2913,10.0,3,0,4.29664274776856,52.0669020617042,359,15
HLT2914,10.0,4,0,4.29629262165418,52.0664445261655,358,9
HLT3010,10.0,5,0,4.29303676506319,52.0650347876347,347,15
HLT3009,10.0,6,0,4.2922575271077,52.0647999584986,348,15
HLT3119,10.0,7,0,4.28369421306727,52.0621057744916,342,9
HLT2022,10.0,8,0,4.27553122836856,52.072911299228,234,15
HLT2021,10.0,9,0,4.27527997395789,52.0725871733176,228,9
HLT2020,10.0,10,0,4.26965993642885,52.0706091001204,233,15
HLT2019,10.0,11,0,4.26939161648067,52.0706462933887,229,9
HLT1918,10.0,12,0,4.2634417566283,52.0690452467923,232,15
HLT1917,10.0,13,0,4.26290266589708,52.0689136755134,230,15
HLT1916,10.0,14,0,4.25895770076123,52.0675020680755,231,20
HLT3201,10.0,15,0,4.25988473489936,52.0622454150696,180,20
HLT3209,10.0,16,0,4.26360454959403,52.0594866872479,305,15
HLT3210,10.0,17,0,4.26362238597099,52.0592943612872,306,15
HLT3120,10.0,18,0,4.28386639706819,52.0620224434907,341,9
HLT3122,10.0,19,0,4.28896101903139,52.0634384554823,343,15
HLT3121,10.0,20,0,4.28893585765551,52.0635550932196,346,15
HLT3125,10.0,21,0,4.290986,52.061586,344,9
HLS0209,10.0,22,0,4.293086,52.059769,349,9
HLS0159,10.0,23,0,4.297677,52.061091,351,15
HLS0160,10.0,24,0,4.297795,52.061056,352,15
HLS0145,10.0,25,0,4.300864,52.062576,353,28
HLT3820,11.0,1,0,4.32176434430744,52.0580731595153,112,20
HLT3834,11.0,2,0,4.32384185127498,52.0557310434146,114,15
HLT3833,11.0,3,0,4.32339259232234,52.0557150313279,113,9
HLT3832,11.0,4,0,4.31718163910084,52.0530424479811,336,20
HLT3831,11.0,5,0,4.31707574907799,52.0528976293673,335,20
HLT3830,11.0,6,0,4.31314795195388,52.0521382111461,337,15
HLT3829,11.0,7,0,4.3130338564257,52.0519980239806,338,15
HLT3439,11.0,8,0,4.28087620553163,52.0512774337604,316,9
HLT3436,11.0,9,0,4.27935778947973,52.0491489091486,318,20
HLT3437,11.0,10,0,4.27931534507729,52.0496709143165,319,15
HLT3410,11.0,11,0,4.27510786782432,52.0533970975609,363,20
HLT3412,11.0,12,0,4.26868762699302,52.0475936956631,323,20
HLT3323,11.0,13,0,4.26385473215324,52.0453663001048,324,15
HLT3320,11.0,14,0,4.25955067643816,52.0429242712834,326,15
HLT3321,11.0,15,0,4.26096666202824,52.0435738241702,327,15
HLT3322,11.0,16,0,4.26367949667824,52.0451257772462,325,9
HLT3411,11.0,17,0,4.26869833451072,52.0477124666053,322,20
HLT3413,11.0,18,0,4.27446096207117,52.0500461641258,320,46
HLT3414,11.0,19,0,4.27493207188515,52.0501525582492,321,33
HLT3438,11.0,20,0,4.28091817078335,52.0509160884693,317,20
HLT3601,11.0,21,0,4.2847159887493,52.048140641604,315,20
HLT3612,11.0,22,0,4.29001010596668,52.0444938985215,45,15
HLS0142,11.0,23,0,4.30322,52.047793,47,15
HLS0135,12.0,1,0,4.298769,52.051564,313,15
HLS0181,12.0,2,0,4.296006,52.054864,307,9
HLS0216,12.0,3,0,4.29354,52.057933,311,9
HLT3220,12.0,4,0,4.27930098012377,52.059629346447,360,15
HLT3407,12.0,5,0,4.2739476630964,52.0553528654491,361,15
HLT3409,12.0,6,0,4.27420511612319,52.0536654418527,362,15
HLT3406,12.0,7,0,4.27159931046594,52.0526932210473,329,20
HLT3405,12.0,8,0,4.27089447410194,52.053112189457,328,20
HLT1719,12.0,9,0,4.26153361671092,52.0570438914836,304,9
HLT1721,12.0,10,0,4.26193342693348,52.0570853492844,303,15
HLT1717,12.0,11,0,4.25868285890681,52.0551439362332,301,9
HLT1718,12.0,12,0,4.25740910117965,52.0545174488491,302,9
HLS0136,12.0,13,0,4.253607,52.051902,292,15
HLS0230,12.0,14,0,4.248576,52.048473,293,15
HLT1677,12.0,15,0,4.240459,52.045518,297,20
HLS0165,12.0,16,0,4.240985,52.043186,298,15
HLS0212,12.0,17,0,4.235364,52.039536,295,15
HLS0213,12.0,18,0,4.236315,52.039977,296,9
HLS0166,12.0,19,0,4.242597,52.043984,294,15
HLS0231,12.0,20,0,4.249571,52.048914,299,15
HLS0137,12.0,21,0,4.254675,52.052307,300,15
HLT3408,12.0,22,0,4.27463851350802,52.0554122317093,364,15
HLT3408,12.0,23,0,4.27463851350802,52.0554122317093,190,15
HLT3219,12.0,24,0,4.27895473356375,52.0591470110401,365,15
HLS0217,12.0,25,0,4.29238,52.058839,308,20
HLS0180,12.0,26,0,4.29642,52.054023,312,9
HLS0134,12.0,27,0,4.298853,52.051124,314,15
HLT3629,13.0,1,0,4.3069375086602,52.05557647248,340,9
HLT3709,13.0,2,0,4.30193001200223,52.0567790743245,310,20
HLT3202,13.0,3,0,4.26084791879404,52.0622208895183,181,15
HLT1924,13.0,4,0,4.25792464337325,52.063676852156,182,15
HLT1913,13.0,5,0,4.25237651264599,52.0641480614418,188,15
HLT1808,13.0,6,0,4.24740593582614,52.0613182814916,286,15
HLT1809,13.0,7,0,4.24703740239513,52.0612914415407,287,15
HLT1829,13.0,8,0,4.24783772247889,52.059305178619,288,9
HLT1822,13.0,9,0,4.23853864000956,52.0550860576614,283,15
HLT1823,13.0,10,0,4.2384645101827,52.0551826032326,284,20
HLT1820,13.0,11,0,4.23365387456737,52.0543610610503,282,15
HLT1834,13.0,12,0,4.22801370012659,52.0575349570347,272,20
HLT1872,13.0,13,0,4.22662194525206,52.0583088276514,270,20
HLT1425,13.0,14,0,4.22654154604364,52.0631085093536,267,15
HLT1426,13.0,15,0,4.22602396063551,52.0632317860165,268,15
HLT1873,13.0,16,0,4.22606296129191,52.0585112299475,269,20
HLS0189,13.0,17,0,4.226701,52.051001,274,9
HLS0188,13.0,18,0,4.226034,52.050833,273,9
HLS0190,13.0,19,0,4.221448,52.0489,275,9
HLS0191,13.0,20,0,4.222247,52.049025,278,20
HLS0192,13.0,21,0,4.229364,52.052313,279,15
HLS0193,13.0,22,0,4.229754,52.052452,280,15
HLT1821,13.0,23,0,4.23389974883629,52.0542678637796,281,15
HLT1825,13.0,24,0,4.24605639344988,52.0565327580841,291,15
HLT1715,13.0,25,0,4.25163227605954,52.0557213157229,289,15
HLT1716,13.0,26,0,4.25072483701974,52.0563952744465,290,15
HLT3843,14.0,1,0,4.31227534198531,52.0580301651399,102,15
HLT1911,14.0,2,0,4.25169263633927,52.0650468266869,184,15
HLT1907,14.0,3,0,4.24784825566121,52.0668517449488,185,15
HLT1306,14.0,4,0,4.2465174891641,52.0745400668295,250,20
HLT1307,14.0,5,0,4.25140470872696,52.0765455599332,249,20
HLT1308,14.0,6,0,4.2494000148956,52.0758939817389,248,9
HLT1305,14.0,7,0,4.24535029567165,52.0742207720985,251,9
HLT1408,14.0,8,0,4.24097381784305,52.0715910519634,263,33
HLT1406,14.0,9,0,4.23667656912648,52.0698108687924,262,33
HLT1403,14.0,10,0,4.23218187382161,52.0681388537322,258,20
HLT1404,14.0,11,0,4.23209838799404,52.0683856675575,259,9
HLT1508,14.0,12,0,4.22357280945134,52.0668077938643,252,9
HLT1506,14.0,13,0,4.22275324695712,52.06862350349,253,9
HLT1504,14.0,14,0,4.22262956598752,52.0687621457293,255,9
HLT1502,14.0,15,0,4.2180835140604,52.066462482348,254,20
HLT1516,14.0,16,0,4.22413015587448,52.0655872066853,256,15
HLT1514,14.0,17,0,4.22480085871072,52.0662687756448,257,15
HLT1417,14.0,18,0,4.23706984122819,52.0648769363753,265,20
HLT1418,14.0,19,0,4.23747181956075,52.065053313257,266,9
HLT1412,14.0,20,0,4.23561459026974,52.0670429366823,260,15
HLT1411,14.0,21,0,4.23555543563438,52.0666292135708,261,15
HLT1908,14.0,22,0,4.24806906684069,52.0662887519574,186,15
HLT1912,14.0,23,0,4.25421544289492,52.0641477905831,187,20
HLT1923,14.0,24,0,4.25696917650807,52.0635688982326,189,15
HLT3708,14.0,25,0,4.30306038741281,52.056294589728,309,15
HLT3907,15.0,1,0,4.34064110329787,52.0667989654997,24,15
HLT0516,16.0,1,0,4.302489,52.087598,220,9
HLT1123,16.0,2,0,4.29225717843593,52.0850455566203,221,15
HLT1118,16.0,3,0,4.28764956198165,52.0852910315099,222,15
HLT1113,16.0,4,0,4.27959798558544,52.0843315815511,224,15
HLT1112,16.0,5,0,4.27906386319042,52.0837158898949,223,20
HLT1110,16.0,6,0,4.276644447142,52.0820934275228,225,15
HLT1111,16.0,7,0,4.27705199663484,52.0820482331792,237,9
HLT1209,16.0,8,0,4.27311984709792,52.0851645503645,240,9
HLT1210,16.0,9,0,4.27215595707529,52.0851388195567,241,20
HLT1207,16.0,10,0,4.26528730574358,52.082334695646,242,15
HLT1208,16.0,11,0,4.26438726289608,52.0820789153493,243,15
HLT1203,16.0,12,0,4.26082125206425,52.080466894061,244,15
HLT1201,16.0,13,0,4.254697608956,52.0780749136373,246,15
HLT1202,16.0,14,0,4.25525747672709,52.0781925118133,247,15
HLT1204,16.0,15,0,4.25979113764391,52.0801897119236,245,20
HLT0804,16.0,16,0,4.257331,52.089753,208,9
HLT0803,16.0,17,0,4.258315,52.090104,209,20
HLT0807,16.0,18,0,4.26229,52.090439,207,9
HLT0808,16.0,19,0,4.26232924694836,52.0903021773036,210,20
HLT0731,16.0,20,0,4.26831401662161,52.0938865902528,212,20
HLT0732,16.0,21,0,4.270283,52.096457,205,20
HLT0732,16.0,22,0,4.270283,52.096457,213,20
HLT0919,16.0,23,0,4.280661,52.093444,197,9
HLT0603,16.0,24,0,4.29987278824698,52.0973919192484,155,15
HLT0604,16.0,25,0,4.3000957481723,52.0974605468231,156,15
HLS0026,17.0,1,0,4.35255,52.023356,367,9
HLS0018,17.0,2,0,4.355161,52.024521,369,9
HLS0019,17.0,3,0,4.355293,52.024477,370,9
HLS0027,17.0,4,0,4.352697,52.023322,368,9
HLS0013,17.0,5,0,4.355605,52.020408,373,16
HLS0047,17.0,6,0,4.359237,52.020853,372,9
HLS0048,17.0,7,0,4.359241,52.020709,371,9
HLS0069,17.0,8,0,4.361957,52.019169,375,9
HLS0070,17.0,9,0,4.361901,52.019034,374,9
HLS0022,17.0,10,0,4.365948,52.015365,377,9
HLS0023,17.0,11,0,4.365037,52.016346,376,9
HLS0077,17.0,12,0,4.363953,52.013407,381,9
HLS0030,17.0,13,0,4.36204,52.012356,382,9
HLS0031,17.0,14,0,4.361675,52.01238,383,9
HLS0078,17.0,15,0,4.36423,52.013409,380,9
HLS0025,17.0,16,0,4.370789,52.0145,378,9
HLS0024,17.0,17,0,4.370819,52.014464,379,9
HLS0084,17.0,18,0,4.375897,52.010867,388,9
HLS0052,17.0,19,0,4.378021,52.012953,389,16
HLS0318,17.0,20,0,4.375723,52.014066,391,9
HLS0319,17.0,21,0,4.375749,52.014192,390,9
HLS0038,17.0,22,0,4.374033,52.015354,392,9
HLS0040,17.0,23,0,4.374017,52.015444,393,9
HLS0374,17.0,24,0,4.379545,52.017739,394,9
HLS0292,18.0,1,0,4.219524,51.991307,512,9
HLS0291,18.0,2,0,4.218898,51.991301,511,9
HLS0294,18.0,3,0,4.205584,51.98875,528,9
HLS0293,18.0,4,0,4.206109,51.988719,529,9
HLS0287,18.0,5,0,4.20289,51.992076,527,9
HLS0288,18.0,6,0,4.202326,51.993041,513,9
HLS0289,18.0,7,0,4.206266,51.99602,526,9
HLS0290,18.0,8,0,4.206525,51.996148,514,9
HLS0281,18.0,9,0,4.209037,51.999203,522,9
HLS0282,18.0,10,0,4.209049,51.999293,525,9
HLS0284,18.0,11,0,4.207424,52.00129,524,9
HLS0283,18.0,12,0,4.206886,52.001815,523,9
HLS0286,18.0,13,0,4.214495,51.998745,521,9
HLS0285,18.0,14,0,4.21452,51.998916,515,9
HLS0243,18.0,15,0,4.221426,52.003281,516,9
HLS0238,18.0,16,0,4.223653,52.006144,520,9
HLS0239,18.0,17,0,4.223801,52.006595,517,9
HLS0241,18.0,18,0,4.220361,52.008943,518,9
HLS0240,18.0,19,0,4.220332,52.008933,519,9
HLS0245,18.0,20,0,4.254182,52.014756,509,9
HLS0246,18.0,21,0,4.254327,52.014803,510,9
HLS0244,18.0,22,0,4.261825,52.019045,508,16
HLS0305,18.0,23,0,4.280727,52.025301,60,9
HLS0304,18.0,24,0,4.281466,52.02547,59,9
HLS0194,18.0,25,0,4.29007,52.026368,28,15
HLS0161,18.0,26,0,4.293527,52.022661,29,15
HLS0198,18.0,27,0,4.297951,52.019862,30,20
HLS0202,18.0,28,0,4.302055,52.018264,31,20
HLS0325,18.0,29,0,4.319169,52.010528,551,9
HLS0324,18.0,30,0,4.31931,52.010718,550,9
HLS0075,19.0,1,0,4.379677,52.006684,423,9
HLS0076,19.0,2,0,4.379615,52.006827,422,9
HLS0086,19.0,3,0,4.38056,52.003671,436,9
HLS0085,19.0,4,0,4.380008,52.003595,435,9
HLS0098,19.0,5,0,4.3772,52.002833,433,9
HLS0099,19.0,6,0,4.37723,52.002798,434,9
HLS0017,19.0,7,0,4.372133,52.002143,483,9
HLS0015,19.0,8,0,4.372303,52.002351,482,9
HLS0100,19.0,9,0,4.37757,52.001282,430,16
HLS0080,19.0,10,0,4.38012,51.99796,432,9
HLS0079,19.0,11,0,4.379873,51.99793,431,9
HLS0356,19.0,12,0,4.380181,51.991353,476,9
HLS0355,19.0,13,0,4.380148,51.991551,477,16
HLS0317,19.0,14,0,4.385711,51.989513,473,9
HLS0357,19.0,15,0,4.381908,51.989013,475,9
HLS0358,19.0,16,0,4.382124,51.988485,474,9
HLS0391,19.0,17,0,4.37762,51.984842,437,9
HLS0392,19.0,18,0,4.377639,51.984617,438,9
HLS0393,19.0,19,0,4.379791,51.981498,439,9
HLS0394,19.0,20,0,4.379823,51.981382,440,9
HLS0395,19.0,21,0,4.383842,51.976113,441,9
HLS0396,19.0,22,0,4.383769,51.976121,442,9
HLS0344,19.0,23,0,4.376178,51.996506,478,16
HLS0345,19.0,24,0,4.376815,51.99599,479,9
HLS0347,19.0,25,0,4.374078,51.999193,481,9
HLS0346,19.0,26,0,4.373804,51.999703,480,16
HLS0016,19.0,27,0,4.372437,52.001552,484,16
HLS0087,19.0,28,0,4.372758,52.007335,425,9
HLS0088,19.0,29,0,4.373822,52.007308,424,9
HLS0029,19.0,30,0,4.37171,52.009231,426,9
HLS0130,19.0,31,0,4.362162,52.028034,5,9
HLS0218,19.0,32,0,4.367013,52.031941,7,15
HLS0219,19.0,33,0,4.366838,52.031948,6,20
HLS0131,19.0,34,0,4.362007,52.02779,4,20
HLS0093,20.0,1,0,4.357517,51.982231,458,9
HLS0094,20.0,2,0,4.356862,51.982199,459,9
HLS0045,20.0,3,0,4.362172,51.983656,457,16
HLS0041,20.0,4,0,4.361708,51.985477,456,16
HLS0057,20.0,5,0,4.360179,51.987369,455,9
HLS0056,20.0,6,0,4.360054,51.987746,454,9
HLS0107,20.0,7,0,4.34485,51.987324,463,9
HLS0021,20.0,8,0,4.343857,51.989976,465,9
HLS0020,20.0,9,0,4.343247,51.989899,466,9
NEW,20.0,10,0,4.339447,51.989874,472,9
HLS0105,20.0,11,0,4.339468,51.990252,471,9
HLS0035,20.0,12,0,4.337055,51.993161,470,9
HLS0034,20.0,13,0,4.336748,51.993248,469,9
HLS0071,20.0,14,0,4.33485,51.993465,468,9
HLS0072,20.0,15,0,4.334764,51.994021,467,9
HLS0063,20.0,16,0,4.333908,51.995712,447,16
HLS0096,20.0,17,0,4.333998,51.997466,445,9
HLS0097,20.0,18,0,4.334276,51.997432,446,9
HLS0092,20.0,19,0,4.339829,51.998453,443,9
HLS0091,20.0,20,0,4.340699,51.998631,444,9
HLS0115,20.0,21,0,4.342894,52.001312,414,9
HLS0114,20.0,22,0,4.342905,52.001455,415,9
HLS0113,20.0,23,0,4.344512,52.002503,416,9
HLS0112,20.0,24,0,4.344381,52.002502,417,9
HLS0064,20.0,25,0,4.345462,52.004238,418,9
HLS0065,20.0,26,0,4.34537,52.004426,419,9
HLS0009,20.0,27,0,4.332541,51.999997,542,9
HLS0010,20.0,28,0,4.332602,51.99988,557,9
HLS0382,20.0,29,0,4.32994,51.999137,543,9
HLS0148,21.0,1,0,4.337889,52.077599,97,9
HLS0315,21.0,2,0,4.334246,52.080542,98,9
HLS0158,21.0,3,0,4.331895,52.081878,124,20
HLT2631,21.0,4,0,4.33006987364627,52.0830736144388,120,15
HLT2632,21.0,5,0,4.33092356249137,52.0834327104532,121,15
HLT2633,21.0,6,0,4.33298454463528,52.0844643197803,118,20
HLT2634,21.0,7,0,4.33328306724958,52.0844686259132,119,15
HLT2636,21.0,8,0,4.33575583046536,52.0855605236657,80,15
HLT2635,21.0,9,0,4.33584919834467,52.085735494864,85,15
HLT2639,21.0,10,0,4.3395330165364,52.0872884352986,86,15
HLT2640,21.0,11,0,4.34053603045142,52.0878914018656,84,9
HLT2641,21.0,12,0,4.344221098045,52.0893228656168,83,9
HLT2642,21.0,13,0,4.34439808585869,52.089182696308,87,15
HLT2501,21.0,14,0,4.34728061693831,52.0906293138396,88,15
HLT2502,21.0,15,0,4.34746839776514,52.0909152755171,82,15
HLT2504,21.0,16,0,4.35070206639716,52.092189557212,81,15
HLS0204,21.0,17,0,4.350785,52.093965,78,15
HLS0151,21.0,18,0,4.357855,52.098108,79,15
HLS0235,21.0,19,0,4.36135,52.100359,61,20
HLS0236,21.0,20,0,4.360956,52.100355,62,15
HLS0152,21.0,21,0,4.358048,52.098631,63,15
HLT2508,21.0,22,0,4.36071909051003,52.09652487987,93,15
HLT2507,21.0,23,0,4.36013991659398,52.0964923707625,92,9
HLT2505,21.0,24,0,4.35615315934329,52.0943226209363,91,9
HLT2506,21.0,25,0,4.3559562781038,52.0943794596975,90,9
HLT2503,21.0,26,0,4.35244085851387,52.0926541492052,89,15
HLS0205,21.0,27,0,4.349589,52.093316,64,15
HLS0128,21.0,28,0,4.34088,52.090669,77,15
HLS0248,22.0,1,0,4.273006,51.939087,556,16
HLS0250,22.0,2,0,4.275623,51.935589,554,9
HLS0251,22.0,3,0,4.275786,51.935455,555,9
HLS0255,22.0,4,0,4.275285,51.93279,553,16
HLS0253,22.0,5,0,4.270303,51.932545,552,9
HLS0252,22.0,6,0,4.270345,51.932617,564,9
HLS0256,22.0,7,0,4.27017,51.92973,562,9
HLS0257,22.0,8,0,4.270272,51.929695,563,9
HLS0259,22.0,9,0,4.272048,51.924948,560,9
HLS0260,22.0,10,0,4.272119,51.92502,559,9
HLS0261,22.0,11,0,4.272194,51.925087,558,9
HLS0258,22.0,12,0,4.272159,51.925147,561,9
HLS0328,22.0,13,0,4.245839,51.973965,540,9
HLS0327,22.0,14,0,4.245703,51.974161,541,9
HLS0122,22.0,15,0,4.245231,51.977276,539,9
HLS0121,22.0,16,0,4.2457,51.977721,538,9
HLS0123,22.0,17,0,4.250102,51.978635,536,9
HLS0359,22.0,18,0,4.250625,51.978676,537,9
HLS0120,22.0,19,0,4.254045,51.975231,534,9
HLS0119,22.0,20,0,4.25415,51.975133,535,9
HLS0384,22.0,21,0,4.322805,51.996646,545,9
HLS0383,22.0,22,0,4.322902,51.996863,544,9
HLS0323,22.0,23,0,4.320035,52.00045,546,9
HLS0385,22.0,24,0,4.319833,52.002804,548,9
HLS0322,22.0,25,0,4.319988,52.000585,547,9
HLS0321,22.0,26,0,4.324363,52.004615,396,9
HLS0320,22.0,27,0,4.324362,52.004669,395,9
HLS0386,22.0,28,0,4.320165,52.00295,549,9
HLS0335,22.0,29,0,4.321908,52.007443,398,9
HLS0334,22.0,30,0,4.322048,52.007669,397,9
HLS0081,22.0,31,0,4.333382,52.00946,399,9
HLS0082,22.0,32,0,4.333836,52.00995,400,9
HLS0376,22.0,33,0,4.334537,52.012994,401,9
HLS0102,22.0,34,0,4.338314,52.009675,403,9
HLS0103,22.0,35,0,4.338342,52.009747,402,9
HLS0227,23.0,1,0,4.169648,51.993139,530,9
HLS0225,23.0,2,0,4.173184,51.997544,531,9
HLS0224,23.0,3,0,4.172801,51.997153,532,9
HLS0226,23.0,4,0,4.169892,51.993824,533,9
HLS0237,23.0,5,0,4.157834,52.001825,503,16
HLS0233,23.0,6,0,4.160197,51.999548,502,9
HLS0234,23.0,7,0,4.160418,51.99947,504,9
HLS0232,23.0,8,0,4.164353,52.000419,505,9
HLS0232,23.0,9,0,4.164353,52.000419,501,9
HLS0223,23.0,10,0,4.170941,52.001853,506,9
HLS0222,23.0,11,0,4.170661,52.001976,500,9
HLS0229,23.0,12,0,4.169036,52.00604,507,9
HLS0228,23.0,13,0,4.167944,52.00709,499,9
HLS0267,23.0,14,0,4.167514,52.021279,498,9
HLS0263,23.0,15,0,4.170375,52.023241,497,9
HLS0274,23.0,16,0,4.173231,52.026471,496,9
HLS0264,23.0,17,0,4.177758,52.02934,495,9
HLS0422,23.0,18,0,4.179956,52.028895,493,9
HLS0276,23.0,19,0,4.184063,52.02411,492,9
HLS0277,23.0,20,0,4.184529,52.023558,491,9
HLS0423,23.0,21,0,4.180755,52.028427,494,9
HLS0278,23.0,22,0,4.180218,52.032161,490,9
HLS0279,23.0,23,0,4.180531,52.032425,489,9
HLS0270,23.0,24,0,4.190327,52.038898,487,9
HLS0271,23.0,25,0,4.190618,52.03891,488,9
HLS0268,23.0,26,0,4.198669,52.04256,486,16
HLS0272,23.0,27,0,4.204602,52.044759,485,28
HLS0196,23.0,28,0,4.209726,52.04615,277,20
HLS0197,23.0,29,0,4.209976,52.046062,276,15
HLT3628,23.0,30,0,4.30970802487795,52.0549794250182,339,20
HLS0203,24.0,1,0,4.301737,52.018755,32,15
HLS0199,24.0,2,0,4.296792,52.020822,33,15
HLS0162,24.0,3,0,4.293806,52.023167,34,15
HLS0195,24.0,4,0,4.289974,52.026727,35,20
HLS0156,24.0,5,0,4.286533,52.031549,36,15
HLS0185,24.0,6,0,4.284155,52.03461,37,15
HLS0184,24.0,7,0,4.283969,52.034491,26,15
HLS0155,24.0,8,0,4.285972,52.031265,27,15
HLT3343,24.0,9,0,4.271386624325,52.0360149317233,38,9
HLT3340,24.0,10,0,4.2660258276495,52.033319918307,39,9
HLT3357,24.0,11,0,4.26051893417767,52.0305256626575,41,15
HLT3339,24.0,12,0,4.26120043377742,52.0309099898917,42,15
HLT3371,24.0,13,0,4.267006,52.033243,40,9
HLT3341,24.0,14,0,4.26740594541066,52.0337477588673,43,15
HLT3342,24.0,15,0,4.27168317229995,52.0359325997125,44,15
HLT4015,24.0,16,0,4.285574,52.040322,49,15
HLT4016,24.0,17,0,4.28561,52.040044,50,15
HLS0143,24.0,18,0,4.303809,52.046972,48,15
HLT7120,25.0,1,0,4.352534,52.066961,23,9
HLT9585,26.0,1,1,4.40093323341763,52.0720473638773,566,17
HLT9584,26.0,2,1,4.40108165900463,52.0717987212228,565,22
HLT9587,26.0,3,1,4.40526871997655,52.0690364128872,568,17
HLT9586,26.0,4,1,4.40541711124662,52.068787764524,567,17
HLS0215,26.0,5,1,4.406224,52.06813,21,15
HLS0214,26.0,6,1,4.406458,52.068105,20,15
HLS0207,26.0,7,1,4.416644,52.059075,15,15
HLS0206,26.0,8,1,4.416687,52.05912,16,15
HLS0163,26.0,9,1,4.415457,52.062058,14,20
HLS0164,26.0,10,1,4.41544,52.062148,17,15
HLS0133,26.0,11,1,4.410877,52.065427,18,15
HLS0132,26.0,12,1,4.410286,52.065791,19,9
HLT9589,26.0,13,1,4.40058088815038,52.0649397739547,570,16
HLS0387,26.0,14,1,4.3999,52.064527,569,16
HLT9591,26.0,15,1,4.39519894428563,52.0605521588915,571,32
HLT9812,26.0,16,1,4.38338246287131,52.0488593534543,580,22
HLT9813,26.0,17,1,4.3825299978272,52.0484520886529,579,17
HLT9810,26.0,18,1,4.37735082015087,52.0448418700634,582,17
HLT9811,26.0,19,1,4.37650195880983,52.0444382948873,581,17
HLS0140,26.0,20,1,4.370949,52.046627,2,15
HLS0172,26.0,21,1,4.3647,52.043238,3,15
HLT5939,26.0,22,1,4.36031850539207,52.044868213384,592,17
HLT5937,26.0,23,1,4.35233259526228,52.0482090258573,593,17
HLS0168,27.0,1,1,4.352741,52.047906,595,15
HLT5936,27.0,2,1,4.35280559065153,52.048052673653,594,17
HLT5938,27.0,3,1,4.3615932837446,52.0440739277502,591,17
HLT5940,27.0,4,1,4.36783926710515,52.0407609622897,589,37
HLT5944,27.0,5,1,4.36853595493972,52.0391288704267,583,17
HLT5945,27.0,6,1,4.36891194296767,52.0392330598386,584,22
HLS0126,27.0,7,1,4.375093,52.035507,9,9
HLS0336,27.0,8,1,4.383181,52.032287,10,9
HLS0338,27.0,9,1,4.388105,52.034351,588,9
HLS0339,27.0,10,1,4.387812,52.034429,587,20
HLS0337,27.0,11,1,4.383063,52.032376,11,9
HLS0127,27.0,12,1,4.374758,52.035513,8,20
HLT5946,27.0,13,1,4.36299352100497,52.0354353322419,585,22
HLT5947,27.0,14,1,4.36378922482419,52.035820676143,586,17
HLT5941,27.0,15,1,4.36743733488465,52.0411287183752,590,30
HLS0141,27.0,16,1,4.371153,52.046673,12,15
HLT9809,27.0,17,1,4.384869,52.050629,578,9
HLT9807,27.0,18,1,4.38469074290434,52.051503285978,577,22
HLT9808,27.0,19,1,4.38478960112798,52.0516461486911,576,17
HLS0173,27.0,20,1,4.3844,52.052728,575,15
HLT9841,27.0,21,1,4.38854215856082,52.0551863067368,572,32
HLT9840,27.0,22,1,4.38912097734583,52.0555804220712,573,17
HLS0186,27.0,23,1,4.389089,52.055609,574,22
HLT0509,28.0,1,1,4.29901,52.087251,868,16
HLT0508,28.0,2,1,4.298133,52.087288,867,16
HLT0507,28.0,3,1,4.297872,52.08725,869,15
HLT2211,28.0,4,1,4.29211179134234,52.0838659045251,848,16
HLT2210,28.0,5,1,4.2917259399045,52.0836775371527,849,16
HLT1122,28.0,6,1,4.28807976950059,52.0815426573226,843,17
HLT2202,28.0,7,1,4.28693708522128,52.0823717815948,833,16
HLT1116,28.0,8,1,4.28283793364544,52.0855730947396,835,15
HLT1114,28.0,9,1,4.28264124444967,52.0857117021584,836,15
HLT1115,28.0,10,1,4.28377165350299,52.084434286576,837,16
HLT2201,28.0,11,1,4.28716799702299,52.0821071511064,834,16
HLT1121,28.0,12,1,4.28832059691848,52.081223995714,842,17
HLT2213,28.0,13,1,4.29268462668115,52.0780562953435,847,37
HLT2212,28.0,14,1,4.2924911020294,52.0783438996098,846,32
HLT2216,28.0,15,1,4.29724682595469,52.0805205815206,850,22
HLT2217,28.0,16,1,4.29764073322872,52.0804108177031,851,16
HLT2801,28.0,17,1,4.3037775928451,52.0787161138995,852,22
HLT2802,28.0,18,1,4.30428214908008,52.0785607423589,853,17
HLT2819,28.0,19,1,4.30880789899222,52.0778470978756,889,16
HLT2818,28.0,20,1,4.30943079705871,52.0781938015112,888,16
HLT2828,28.0,21,1,4.30742433823409,52.0750057343175,890,28
HLT3701,29.0,1,1,4.3056171224461,52.0584603956626,733,17
HLT3607,29.0,2,1,4.29902976372799,52.0554271168112,730,16
HLT3604,29.0,3,1,4.29133029850567,52.0526982889198,737,17
HLT3420,29.0,4,1,4.27898245551016,52.0467214789497,741,15
HLT3419,29.0,5,1,4.27874724633745,52.0466957678033,740,15
HLT3418,29.0,6,1,4.27603769455135,52.044580386111,744,17
HLT3417,29.0,7,1,4.27599438015277,52.0444460432458,745,22
HLT3442,29.0,8,1,4.27768263924243,52.0413212582628,746,22
HLT3443,29.0,9,1,4.2766803436157,52.0419446233877,747,17
HLT3336,29.0,10,1,4.26914690343151,52.041023555465,748,16
HLT3334,29.0,11,1,4.26740300334122,52.0399888500646,750,22
HLT3302,29.0,12,1,4.26812718957008,52.0389596616921,669,15
HLT3303,29.0,13,1,4.26848260954303,52.0385454073903,668,9
HLT3373,29.0,14,1,4.2659705862734,52.0403690003177,665,15
HLT3372,29.0,15,1,4.26564842466535,52.0407195469103,664,15
HLT3314,29.0,16,1,4.26378412929844,52.0418977585255,666,15
HLT3313,29.0,17,1,4.26373743228082,52.0420880389415,667,15
HLT3319,29.0,18,1,4.25645385688362,52.0411331030516,330,9
HLT3361,29.0,19,1,4.25138391005665,52.0382738684478,332,9
HLT3358,29.0,20,1,4.25392120665028,52.0349639608496,661,20
HLT3328,29.0,21,1,4.257033,52.034568,755,16
HLT3362,29.0,22,1,4.25167428443517,52.0382394648354,333,15
HLT3318,29.0,23,1,4.25564423852357,52.0405391486485,331,15
HLT3401,29.0,24,1,4.26255660294023,52.0501378329532,759,32
HLT2659,30.0,1,1,4.3450887520639,52.0794410241374,658,37
HLT2656,30.0,2,1,4.34224,52.081827,656,22
HLT2652,30.0,3,1,4.34268327576853,52.0843570138628,652,17
HLT2652,30.0,4,1,4.34268327576853,52.0843570138628,650,17
HLT2509,30.0,5,1,4.3483229271698,52.0869835998626,648,22
HLT2513,30.0,6,1,4.35342118759189,52.0894527779183,646,17
HLT2515,30.0,7,1,4.35840345485228,52.091914577573,644,16
HLT2518,30.0,8,1,4.36289367323312,52.0939925896036,641,22
HLT2521,30.0,9,1,4.36506602617349,52.0920416680614,637,9
HLT2524,30.0,10,1,4.36574202158891,52.0915680278867,640,22
HLT2525,30.0,11,1,4.36803102482951,52.0909152297587,635,9
HLT2526,30.0,12,1,4.36879040556101,52.0910287047263,636,15
HLT2523,30.0,13,1,4.36562504886372,52.091810606989,639,17
HLT2522,30.0,14,1,4.36573946932326,52.0918975752354,638,15
HLT2520,30.0,15,1,4.36279290045964,52.0951377020723,634,20
HLT2519,30.0,16,1,4.36288593399291,52.0945454385136,633,9
HLT2517,30.0,17,1,4.36240190855515,52.0938976787201,642,16
HLT2516,30.0,18,1,4.35793909224011,52.091800926339,643,17
HLT2514,30.0,19,1,4.35293390542202,52.0893300948049,645,17
HLT2510,30.0,20,1,4.34790588821244,52.086906575114,647,17
HLT2651,30.0,21,1,4.34291373504856,52.0846255622465,649,17
HLT2651,30.0,22,1,4.34291373504856,52.0846255622465,651,17
HLT2658,30.0,23,1,4.34522409173583,52.0791429870559,659,33
HLT0602,31.0,1,1,4.29986355533555,52.0993685632631,616,17
HLT0938,31.0,2,1,4.285671,52.095622,672,17
HLT0939,31.0,3,1,4.285295,52.095492,673,15
HLT0937,31.0,4,1,4.281185,52.093512,671,17
HLT0920,31.0,5,1,4.280671,52.093615,196,9
HLT0908,31.0,6,1,4.276434,52.092659,199,9
HLT0916,31.0,7,1,4.27612449659464,52.0926908743348,677,16
HLT0943,31.0,8,1,4.272585,52.094842,678,16
HLT0902,31.0,9,1,4.271524,52.096414,683,17
HLT0730,31.0,10,1,4.26678963953563,52.0928095335104,206,9
HLT0745,31.0,11,1,4.2644454550736,52.0928347556753,607,9
HLT0744,31.0,12,1,4.263884,52.093232,211,15
HLT0805,31.0,13,1,4.255965,52.0861,959,17
HLT0809,31.0,14,1,4.252376,52.087791,956,15
HLT0802,31.0,15,1,4.252527,52.088161,957,16
HLT0801,31.0,16,1,4.252349,52.08771,955,17
HLT0811,31.0,17,1,4.25237372954615,52.0877308302979,958,17
HLT0806,31.0,18,1,4.255624,52.086294,960,16
HLT1301,31.0,19,1,4.25747708767903,52.0850836547605,962,16
HLT1302,31.0,20,1,4.2583029190032,52.0843329164547,961,17
HLT1205,31.0,21,1,4.26007817401344,52.0804137166609,963,22
HLT1206,31.0,22,1,4.26041744342401,52.0802084221086,964,17
HLT2015,31.0,23,1,4.27498,52.076007,969,17
HLT2017,31.0,24,1,4.2750865024914,52.0755849821451,227,9
HLT3818,31.0,25,1,4.31550825469012,52.0562602564394,699,22
HLT3804,32.0,1,1,4.31359134850555,52.0632052825472,735,15
HLS0153,32.0,2,1,4.30153,52.069387,354,9
HLT2875,32.0,3,1,4.30385727528728,52.0735100182807,885,15
HLT2823,32.0,4,1,4.30461894534549,52.0738405531036,887,32
HLT2826,32.0,5,1,4.30533818485168,52.073735331654,891,17
HLT2825,32.0,6,1,4.30580331593658,52.0730302725327,892,16
HLT2824,32.0,7,1,4.30357370717929,52.0736092257748,886,32
HLT2821,32.0,8,1,4.30313565251386,52.0735136267444,884,15
HLT2820,32.0,9,1,4.29920311596587,52.0732866648799,883,37
HLT2901,32.0,10,1,4.29165485674974,52.0732868854276,904,22
HLT2903,32.0,11,1,4.29233610024431,52.0729876009843,906,32
HLT2902,32.0,12,1,4.29163895337862,52.0730381923441,903,16
HLT3003,32.0,13,1,4.28528489466203,52.0709703839137,901,32
HLT3001,32.0,14,1,4.28463659200617,52.0710569018683,824,17
HLT3004,32.0,15,1,4.28629579374744,52.071145230252,902,32
HLT2904,32.0,16,1,4.29336264519704,52.0731220821988,905,32
HLT2822,32.0,17,1,4.29962456273991,52.0726116890562,882,32
HLT3101,33.0,1,1,4.2706841576903,52.0668751045654,809,16
HLT1921,33.0,2,1,4.26001262153009,52.062878375424,803,17
HLT1919,33.0,3,1,4.25422616432674,52.0601488670921,800,17
HLT1828,33.0,4,1,4.24795344050782,52.059436250326,285,15
HLT1419,33.0,5,1,4.24618517285835,52.0672991695512,790,37
HLT1903,33.0,6,1,4.25179505688689,52.0694082390614,786,32
HLT1213,33.0,7,1,4.2570446250078,52.071423691742,784,37
HLT1218,33.0,8,1,4.26182069866891,52.0732024711428,782,37
HLT1217,33.0,9,1,4.26137550602631,52.0731559690043,783,32
HLT1214,33.0,10,1,4.2556172967802,52.0709929044583,785,32
HLT1904,33.0,11,1,4.25126629398199,52.0693231394355,787,30
HLT1420,33.0,12,1,4.2453926446036,52.0671494642636,789,32
HLT1914,33.0,13,1,4.25332837593685,52.0649013007184,183,9
HLT1915,33.0,14,1,4.25825312305633,52.0671326073238,808,15
HLT3608,33.0,15,1,4.30040591078417,52.0558002761432,731,16
HLT3822,33.0,16,1,4.32265214318721,52.0588305620621,697,17
HLT1428,34.0,1,1,4.24575758939678,52.0678802003115,788,17
HLT1421,34.0,2,1,4.24065349556269,52.0657695373576,264,20
HLT1424,34.0,3,1,4.23984106101593,52.0654056006305,791,32
HLT1423,34.0,4,1,4.23941253233791,52.0652818726605,792,17
HLT1416,34.0,5,1,4.23484527974758,52.0639554540524,794,37
HLT1802,34.0,6,1,4.23126174059838,52.0627787434137,795,17
HLT1801,34.0,7,1,4.23087420092301,52.0626508919001,796,32
HLT1415,34.0,8,1,4.23448954184176,52.0638378135759,793,17
HLT1802,34.0,9,1,4.23126174059838,52.0627787434137,797,17
HLT1813,34.0,10,1,4.23176702229733,52.0607189551488,798,37
HLT1812,34.0,11,1,4.23259161699908,52.0587719603277,799,17
HLT1806,34.0,12,1,4.22783969024404,52.0574587330576,776,17
HLT1805,34.0,13,1,4.22800833751241,52.0571403886835,775,22
HLT1835,34.0,14,1,4.22786206254449,52.0570660144044,271,15
HLT1818,34.0,15,1,4.23313537377233,52.0545372303567,774,22
HLT1710,34.0,16,1,4.24185053033057,52.0553315532249,777,17
HLT3203,34.0,17,1,4.262493,52.063816,805,17
HLT3205,34.0,18,1,4.26645978342402,52.0653841825349,806,17
HLT3206,34.0,19,1,4.26657567880845,52.0655318034206,807,17
HLT2908,35.0,1,1,4.29589548751943,52.0680768036764,879,37
HLT2934,35.0,2,1,4.294348900516,52.0696516803254,881,16
HLT3008,35.0,3,1,4.29019221560805,52.0686296663827,819,16
HLT3006,35.0,4,1,4.2894514356678,52.0689202936046,821,16
HLT3107,35.0,5,1,4.279025,52.069348,813,17
HLT3102,35.0,6,1,4.27110847914211,52.0668791265886,810,17
HLT3103,35.0,7,1,4.27557705566824,52.0684153304045,811,16
HLT3104,35.0,8,1,4.27713687133664,52.0688012799954,812,16
HLT3108,35.0,9,1,4.280257,52.069656,814,22
HLT3130,35.0,10,1,4.28179772460977,52.066703983707,815,32
HLT3110,35.0,11,1,4.27679163721481,52.0646110365272,900,37
HLT3213,35.0,12,1,4.27025394396136,52.0620242486526,897,37
HLT3214,35.0,13,1,4.27075592073027,52.0621872123039,898,32
HLT3109,35.0,14,1,4.27735565499042,52.064685567035,899,37
HLT3115,35.0,15,1,4.28474420965065,52.0665716005259,817,17
HLT3007,35.0,16,1,4.28959400843595,52.0684595984931,822,17
HLT2911,35.0,17,1,4.2978166457898,52.0669871709204,877,17
HLT3402,36.0,1,1,4.26202096190482,52.0500446242387,760,32
HLT3312,36.0,2,1,4.25808669773781,52.0478765954369,762,37
HLT3309,36.0,3,1,4.2549644410696,52.0458960211795,764,17
HLT3306,36.0,4,1,4.24939624277494,52.0423708252707,765,17
HLT3350,36.0,5,1,4.24553399940945,52.0396574341117,767,37
HLT1602,36.0,6,1,4.2368439821042,52.0490084966219,769,16
HLT1607,36.0,7,1,4.23628378233782,52.0489009473109,770,16
HLT1606,36.0,8,1,4.23631434823904,52.0488599187006,771,16
HLT1601,36.0,9,1,4.23575296409578,52.0488576045957,768,16
HLT1712,36.0,10,1,4.23838392748088,52.050754794459,772,37
HLT1708,36.0,11,1,4.23928416700908,52.0540831731226,773,32
HLT1824,36.0,12,1,4.24566591148049,52.0566195539631,781,20
HLT1810,36.0,13,1,4.2456756492149,52.0565714122458,779,17
HLT1709,36.0,14,1,4.24148559810765,52.05529024944,778,17
HLT1811,36.0,15,1,4.24689393187354,52.0568295122685,780,22
HLT1920,36.0,16,1,4.25530482330714,52.0605709302396,801,17
HLT1922,36.0,17,1,4.26042757667489,52.0629544641501,802,22
HLT3204,36.0,18,1,4.262694,52.063926,804,17
HLS0154,37.0,1,1,4.301586,52.069495,355,9
HLT2106,37.0,2,1,4.28685620237912,52.0786641915949,844,17
HLT2105,37.0,3,1,4.28641744362911,52.0788272838902,845,22
HLT2102,37.0,4,1,4.28436095881858,52.0803302693843,841,16
HLT1119,37.0,5,1,4.28261549687307,52.0805445091893,832,17
HLT2010,37.0,6,1,4.27613103201089,52.0784098138186,829,32
HLT2006,37.0,7,1,4.27066108260943,52.0763904431864,827,17
HLT2003,37.0,8,1,4.26668548476375,52.0750070655983,825,17
HLT1211,37.0,9,1,4.26381920345304,52.0766044367726,965,22
HLT1212,37.0,10,1,4.26414178534703,52.0764444199528,966,17
HLT2004,37.0,11,1,4.26757600141466,52.0752132876932,826,42
HLT2005,37.0,12,1,4.27092313490338,52.0764702306618,828,17
HLT2008,37.0,13,1,4.27228439332052,52.0764040219867,968,17
HLT2007,37.0,14,1,4.27196717188878,52.0765475363912,967,22
HLT2011,37.0,15,1,4.27653143510404,52.078441455012,830,37
HLT2013,37.0,16,1,4.27645092087172,52.0780417480059,226,9
HLT2012,37.0,17,1,4.27702211647354,52.0790645740701,236,15
HLT1109,37.0,18,1,4.27752690971781,52.0824184882824,838,22
HLT1120,37.0,19,1,4.28318244828922,52.0805678014127,831,17
HLT2101,37.0,20,1,4.28407568359948,52.0806121239228,840,16
HLT2306,37.0,21,1,4.30487953968572,52.0881653341001,858,9
HLT3904,37.0,22,1,4.33434179462147,52.0716611773701,53,9
HLT0220,38.0,1,1,4.288068,52.109747,169,9
HLT0222,38.0,2,1,4.29093739612432,52.1106503366313,168,15
HLT0221,38.0,3,1,4.29012867864292,52.1105794052888,606,15
HLT0218,38.0,4,1,4.28741505902821,52.1121333071707,171,15
HLT0217,38.0,5,1,4.28726571567318,52.1121945199754,172,15
HLT0229,38.0,6,1,4.284011,52.112047,173,15
HLT0706,38.0,7,1,4.28074796560509,52.1111752787205,942,22
HLT0749,38.0,8,1,4.28052594374643,52.1110008280486,943,17
HLT0701,38.0,9,1,4.270413,52.106426,605,22
HLT0718,38.0,10,1,4.27373983210292,52.1009544842491,214,15
HLT0719,38.0,11,1,4.27497905453913,52.101621233843,215,15
HLT0716,38.0,12,1,4.27392447645498,52.1015287836448,600,17
HLT0717,38.0,13,1,4.27371902070202,52.1016904376426,601,17
HLT0710,38.0,14,1,4.270935,52.104211,602,17
HLT0711,38.0,15,1,4.27093,52.104436,603,16
HLT0736,38.0,16,1,4.271254,52.106075,604,16
HLT0702,38.0,17,1,4.27720791645998,52.107691316095,940,16
HLT0703,38.0,18,1,4.2771075162535,52.1079951946561,939,17
HLT0750,38.0,19,1,4.28083599550796,52.1110936227691,944,17
HLT0205,38.0,20,1,4.28368444242148,52.1120294402802,174,15
HLT0708,38.0,21,1,4.28437524751412,52.1102425459662,611,32
HLT0728,38.0,22,1,4.28898094852457,52.1075265829005,612,17
HLT0729,38.0,23,1,4.289415872569,52.1073999838487,613,17
HLT3603,39.0,1,1,4.29208318971726,52.0529969284187,736,16
HLT3425,39.0,2,1,4.283525971448,52.0484351306379,739,42
HLT3424,39.0,3,1,4.28273455452311,52.0480717506776,738,32
HLT3335,39.0,4,1,4.26963416873171,52.041175012033,749,16
HLT3333,39.0,5,1,4.26631248464991,52.0395317235399,751,17
HLT3331,39.0,6,1,4.26196712673877,52.0371046139345,752,17
HLT3330,39.0,7,1,4.26093593488453,52.0366695771023,753,17
HLT3329,39.0,8,1,4.25799218077801,52.0350047899301,754,16
HLT3327,39.0,9,1,4.25744600027258,52.0348160890285,756,16
HLT3363,39.0,10,1,4.25706572185834,52.0317204523385,663,9
HLT3364,39.0,11,1,4.25748128377907,52.0318343850798,662,9
HLT3359,39.0,12,1,4.25429952598057,52.0350887372042,660,15
HLT3383,39.0,13,1,4.247341,52.040893,334,9
HLT3305,39.0,14,1,4.24989225427237,52.0425275307326,766,42
HLT3310,39.0,15,1,4.25545308741932,52.0460580252304,763,37
HLT3311,39.0,16,1,4.25857683441811,52.0480386005468,761,32
HLT3404,39.0,17,1,4.26601278824935,52.0527236326718,758,32
HLT3403,39.0,18,1,4.26617699594688,52.0529202544227,757,32
HLT3815,40.0,1,1,4.33305958799996,52.059802232434,702,16
HLT3823,40.0,2,1,4.32652077388306,52.0614648822821,694,30
HLT3824,40.0,3,1,4.32693038994864,52.0608564358272,695,30
HLT3821,40.0,4,1,4.32217594235125,52.0587695020662,696,22
HLT3819,40.0,5,1,4.32137820675742,52.0587886410883,115,15
HLT3817,40.0,6,1,4.31599889670209,52.0565463746996,698,22
HLT3842,40.0,7,1,4.312078,52.05592,701,16
HLT3841,40.0,8,1,4.311701,52.055826,700,16
HLT3627,40.0,9,1,4.30723747248177,52.054410052984,729,16
HLT3626,40.0,10,1,4.3076566884411,52.0546139891587,728,22
HLT3702,40.0,11,1,4.30702172293672,52.0593523899421,732,17
HLT2924,40.0,12,1,4.30938797801223,52.061490925532,915,17
HLT2922,40.0,13,1,4.30929550468393,52.0615763714944,917,52
HLT2921,40.0,14,1,4.3083905418252,52.0614889846544,916,30
HLT2928,40.0,15,1,4.31475339727651,52.0659175674772,913,32
HLT2927,40.0,16,1,4.31493321099476,52.0662067081426,914,32
HLT3808,40.0,17,1,4.31835416602612,52.0610015648897,117,15
HLT3807,40.0,18,1,4.31843417672131,52.0611665389729,116,15
HLT2601,41.0,1,1,4.32307144417475,52.0809833848939,708,17
HLT2812,41.0,2,1,4.3163750332017,52.0828058564601,629,30
HLT2805,41.0,3,1,4.31052120390659,52.0804469286304,855,17
HLT2803,41.0,4,1,4.30911230166878,52.0810076738751,857,22
HLT2873,41.0,5,1,4.30955207869815,52.0813797306583,109,15
HLT2305,41.0,6,1,4.30603573940636,52.0851616668743,859,15
HLT2302,41.0,7,1,4.30369781268314,52.0874502735936,862,17
HLT2301,41.0,8,1,4.30368833598604,52.0872714758825,861,32
HLT2308,41.0,9,1,4.30615973125419,52.0848647684912,860,17
HLT2874,41.0,10,1,4.30896562829692,52.0813951847169,108,15
HLT2804,41.0,11,1,4.30965005172926,52.0803314263647,856,22
HLT2806,41.0,12,1,4.31099344641348,52.0805263659409,854,16
HLT2813,41.0,13,1,4.31733790239615,52.0830528043866,628,32
HLT2863,41.0,14,1,4.31599193216493,52.0779682309886,930,16
HLT2832,41.0,15,1,4.31451922044626,52.0778168554711,870,33
HLT2833,41.0,16,1,4.31391700558511,52.0783222818193,871,30
HLT2862,41.0,17,1,4.31677521758497,52.0780949005159,929,17
HLT2712,41.0,18,1,4.32826349303679,52.0754389175972,907,17
HLT2711,41.0,19,1,4.32811077721346,52.0751539685896,908,17
HLT3837,42.0,1,1,4.33455949425791,52.0602806790703,703,22
HLT3827,42.0,2,1,4.33216043901418,52.06283193982,705,17
HLT3814,42.0,3,1,4.32972266941567,52.0656724034642,707,22
HLT3801,42.0,4,1,4.32774757388169,52.06822467169,931,16
HLT2710,42.0,5,1,4.32539118864927,52.0708566604853,919,16
HLT2706,42.0,6,1,4.32437,52.071887,918,32
HLT2706,42.0,7,1,4.32437,52.071887,927,32
HLT2708,42.0,8,1,4.3250757524626,52.0731929598394,923,17
HLT2705,42.0,9,1,4.324626,52.071548,926,16
HLT3846,42.0,10,1,4.32281645693872,52.0687325197534,922,9
HLT3860,42.0,11,1,4.31860823810236,52.0669240153178,105,9
HLT3859,42.0,12,1,4.31862063254475,52.0667390942887,106,15
HLT3840,42.0,13,1,4.32183853742751,52.0659206000349,691,32
HLT3810,42.0,14,1,4.32528575643065,52.0626870123569,693,32
HLT3809,42.0,15,1,4.32524265914755,52.0630281963993,692,32
HLT3839,42.0,16,1,4.32147481602882,52.0663730395546,690,32
HLT3847,42.0,17,1,4.3226077914308,52.068526848567,921,59
HLT3847,42.0,18,1,4.3226077914308,52.068526848567,107,59
HLT2707,43.0,1,1,4.32451133450616,52.0732546151941,924,22
HLT2715,43.0,2,1,4.3233640371818,52.0724853827767,925,17
HLT2857,43.0,3,1,4.3181708455341,52.0762761181492,110,15
HLT2851,43.0,4,1,4.31942599757744,52.0751942881006,872,30
HLT2858,43.0,5,1,4.320234,52.077117,111,9
HLT2872,43.0,6,1,4.32403155918895,52.0793821712023,911,67
HLT2871,43.0,7,1,4.32325560403187,52.0791908978823,912,30
HLS0201,43.0,8,1,4.326885,52.083326,909,9
HLS0200,43.0,9,1,4.328519,52.082702,910,9
HLS0360,43.0,10,1,4.321719,52.088295,630,9
HLT0439,43.0,11,1,4.330236,52.092803,631,15
HLT0440,43.0,12,1,4.330286,52.094367,133,9
HLT0438,43.0,13,1,4.329167,52.093584,632,15
HLS0183,43.0,14,1,4.333882,52.087325,66,9
HLT2638,43.0,15,1,4.33736218862579,52.0859212517317,122,15
HLT2650,43.0,16,1,4.33930181540872,52.0842494031283,123,15
HLT2647,43.0,17,1,4.33814844044995,52.0838333462168,653,37
HLT2648,43.0,18,1,4.33918587811744,52.0839475202033,654,32
HLT2655,43.0,19,1,4.34239,52.081648,655,17
HLT2698,43.0,20,1,4.343995,52.079775,657,17
HLT2935,44.0,1,1,4.29411872081483,52.0685061712753,880,17
HLT3002,44.0,2,1,4.28518198439579,52.0706476241326,823,16
HLT2108,44.0,3,1,4.28171420219583,52.0734483970242,974,22
HLT2107,44.0,4,1,4.28141979160522,52.0739696784526,973,16
HLT2104,44.0,5,1,4.28003852588757,52.0754371575503,971,17
HLT2103,44.0,6,1,4.27994465741407,52.0756933546766,972,17
HLT2016,44.0,7,1,4.27552,52.076012,970,17
HLT2018,44.0,8,1,4.27563188763052,52.0763723262955,235,9
HLT1108,44.0,9,1,4.27692826835316,52.0825539735308,839,16
HLT1102,44.0,10,1,4.27369500341085,52.0858280246506,688,17
HLT1101,44.0,11,1,4.27374836603618,52.0855230992057,689,17
HLT0924,44.0,12,1,4.272281,52.088323,687,17
HLT0923,44.0,13,1,4.272191,52.088385,686,17
HLT0913,44.0,14,1,4.271159,52.091171,684,22
HLT0914,44.0,15,1,4.271136,52.091485,685,17
HLT0901,44.0,16,1,4.27187,52.096589,682,17
HLT0934,44.0,17,1,4.27365986825458,52.0981172509537,680,22
HLT0935,44.0,18,1,4.27410226413704,52.0983169833286,681,16
HLT0915,44.0,19,1,4.27560303701332,52.092779778757,676,17
HLT0944,44.0,20,1,4.278274,52.090842,679,9
HLT1104,44.0,21,1,4.279698,52.088707,675,16
HLT1107,44.0,22,1,4.2801918694878,52.0884045222757,191,9
HLT1105,44.0,23,1,4.279604,52.088976,674,16
HLT0936,44.0,24,1,4.281863,52.093833,670,17
HLT2602,45.0,1,1,4.32340118909617,52.080549461827,709,32
HLT0436,45.0,2,1,4.317533,52.088805,127,20
HLT0437,45.0,3,1,4.319583,52.089741,128,9
HLT0303,45.0,4,1,4.297212,52.101751,614,17
HLT0304,45.0,5,1,4.297435,52.101565,615,16
HLT0306,45.0,6,1,4.30138202257336,52.1031613720894,936,9
HLT0228,45.0,7,1,4.30122502827883,52.1067879367038,938,15
HLT0227,45.0,8,1,4.30066410479831,52.1072844019843,937,15
HLT0305,45.0,9,1,4.30097423457466,52.1027728036548,935,9
HLT0312,45.0,10,1,4.30148787975103,52.1007369246396,934,15
HLT0311,45.0,11,1,4.30126124557253,52.1003604130588,933,15
HLT0601,45.0,12,1,4.30155820385778,52.0986016936277,617,32
HLT0505,45.0,13,1,4.30769222493858,52.0948443323932,618,17
HLT0506,45.0,14,1,4.30794017014534,52.0947297501334,619,16
HLT0513,45.0,15,1,4.30954656868491,52.0928694036857,620,17
HLT0514,45.0,16,1,4.31008613499564,52.0920374865939,621,17
HLT0519,45.0,17,1,4.31178690655662,52.0901285346242,622,17
HLT0520,45.0,18,1,4.31229599981853,52.0893832521457,623,22
HLT2309,45.0,19,1,4.31382369622152,52.0877102624311,624,17
HLT2310,45.0,20,1,4.31426498328405,52.0869547341402,625,17
HLT2810,45.0,21,1,4.31736824984819,52.0837114593602,627,17
HLT2811,45.0,22,1,4.31734915860445,52.083558073147,626,17
HLT2604,45.0,23,1,4.32328502360524,52.0805050567251,928,17
HLT2931,46.0,1,1,4.29785211885518,52.0665479872153,875,32
HLT2932,46.0,2,1,4.29803447053404,52.0661873862651,874,37
HLT2932,46.0,3,1,4.29803447053404,52.0661873862651,876,37
HLT2919,46.0,4,1,4.30086783315109,52.0633487916112,873,37
HLS0208,46.0,5,1,4.293286,52.059989,350,9
HLT3126,46.0,6,1,4.290975,52.062026,345,9
HLT3116,46.0,7,1,4.28503560811391,52.0667612947791,818,17
HLT3129,46.0,8,1,4.28208906021847,52.0669548087595,816,37
HLT3005,46.0,9,1,4.2897529881172,52.0686974850528,820,16
HLT2912,46.0,10,1,4.29813618717973,52.0671015869102,878,17
HLT2915,46.0,11,1,4.30293087196675,52.0688248192272,896,16
HLT2918,46.0,12,1,4.30696997485257,52.0702800558138,894,17
HLT2917,46.0,13,1,4.30732470016771,52.0703067384793,893,22
HLT2916,46.0,14,1,4.30250206144108,52.0687964216708,895,16
HLT3803,46.0,15,1,4.31359887592858,52.0628599398347,734,20
HLT3858,46.0,16,1,4.31476386024955,52.0647737440185,103,15
HLT3857,46.0,17,1,4.31534220608393,52.0650114218305,104,20
HLT2709,46.0,18,1,4.32650293078902,52.0695560304559,920,16
HLT3802,46.0,19,1,4.32794628056496,52.0679019649761,932,17
HLT3813,46.0,20,1,4.33027223658478,52.0646290412442,706,17
HLT3828,46.0,21,1,4.33275974011202,52.0619849391485,704,22
HLT3844,47.0,1,1,4.3120325933739,52.0582038775979,101,9
HLT3620,47.0,2,1,4.303119029258,52.0518907196246,727,16
HLT3621,47.0,3,1,4.30339390109792,52.0521629642449,726,16
HLT3618,47.0,4,1,4.29934254326166,52.0498752887279,725,16
HLT3619,47.0,5,1,4.29893869670523,52.0497852930612,724,16
HLT3615,47.0,6,1,4.29385597877335,52.0470724294388,723,16
HLT3614,47.0,7,1,4.29351085667194,52.0467632262521,722,16
HLT3609,47.0,8,1,4.29084923299252,52.0453426202389,721,16
HLT3610,47.0,9,1,4.29036879326267,52.0452110950404,720,16
HLT3613,47.0,10,1,4.29118082368249,52.0440387053657,46,15
HLT3427,47.0,11,1,4.28323497998198,52.0433324548764,743,20
HLT3426,47.0,12,1,4.28320930982892,52.0432076915725,742,15
HLT4010,47.0,13,1,4.28596109888534,52.0316424774166,710,17
HLT4009,47.0,14,1,4.28602077631706,52.0312897728364,711,17
HLT4011,47.0,15,1,4.28982039964988,52.0266348634339,719,16
HLT4006,47.0,16,1,4.29453479238839,52.0218975389346,718,17
HLT4013,47.0,17,1,4.29621953295921,52.0199652764202,714,17
HLT4014,47.0,18,1,4.2950268023853,52.019644995871,717,17
HLT4005,47.0,19,1,4.29406798240413,52.0229359150097,713,22
HLT4012,47.0,20,1,4.29014572974832,52.0265003664939,712,17
HLS0309,47.0,21,1,4.274822,52.02369,58,9
HLS0307,47.0,22,1,4.269523,52.022319,56,9
HLS0308,47.0,23,1,4.269222,52.022127,57,9
HLT6019,47.0,24,1,4.2897112443319,52.0172200280674,716,16
HLT6022,47.0,25,1,4.28964684804139,52.017251181669,715,16
HLT3903,48.0,1,1,4.33330205409404,52.0729117774667,52,9
HLT1001,48.0,2,1,4.29007124343349,52.0929055257897,865,16
HLT1002,48.0,3,1,4.28989421626714,52.0932109006282,866,16
HLT0922,48.0,4,1,4.28617,52.096103,864,16
HLT0921,48.0,5,1,4.285975,52.096308,863,16
HLT0907,48.0,6,1,4.28184197331151,52.0995644838139,597,16
HLT0906,48.0,7,1,4.28167144043432,52.0998758451442,596,16
HLT0722,48.0,8,1,4.27932271109937,52.1016326303442,599,16
HLT0723,48.0,9,1,4.27914374915143,52.1019367627641,598,16
HLT0746,48.0,10,1,4.27673247155075,52.1039382008905,608,20
HLT0714,48.0,11,1,4.2767961160547,52.104092290617,610,22
HLT0715,48.0,12,1,4.27702886179348,52.1044182310727,609,22
HLT0707,48.0,13,1,4.28101729092274,52.111205161409,941,17
HLT0202,48.0,14,1,4.28362,52.113077,945,22
HLT0204,48.0,15,1,4.2838323827641,52.113566970972,946,17
HLT0207,48.0,16,1,4.289232,52.115844,953,16
HLT0211,48.0,17,1,4.288233,52.11667,954,22
HLT0203,48.0,18,1,4.288501,52.116663,952,17
HLT0212,48.0,19,1,4.289282,52.116761,948,16
HLT0213,48.0,20,1,4.28931,52.116806,947,16
HLT0214,48.0,21,1,4.289382,52.116843,949,16
HLT0215,48.0,22,1,4.28941,52.116897,950,16
HLT0216,48.0,23,1,4.289453,52.116942,951,16
HLT0219,48.0,24,1,4.287317,52.109992,170,15
HLT9003,49.0,1,1,4.35150469184953,52.0237858746867,1002,16
HLS0032,49.0,2,1,4.34982,52.019171,366,16
HLT9005,49.0,3,1,4.35228215083707,52.0172184527924,1000,16
HLC0473,49.0,4,1,4.354966,52.009571,410,9
HLC0472,49.0,5,1,4.352599,52.009262,409,9
HLS0050,49.0,6,1,4.34965,52.008293,408,9
HLS0049,49.0,7,1,4.349829,52.008087,407,9
HLS0329,49.0,8,1,4.350302,52.004649,412,9
HLS0330,49.0,9,1,4.351295,52.003894,411,9
HLS0036,49.0,10,1,4.346871,52.000637,413,9
HLT9107,49.0,11,1,4.34438170807049,51.9951163875405,985,16
HLT9109,49.0,12,1,4.34440678289589,51.989599417029,983,16
HLS0106,49.0,13,1,4.34435,51.987518,464,9
HLS0058,49.0,14,1,4.346839,51.983782,461,9
HLS0059,49.0,15,1,4.347036,51.983478,462,9
HLT9117,49.0,16,1,4.34984114131405,51.9807282029349,976,16
HLT9115,49.0,17,1,4.3503384386654,51.9807166048806,975,16
HLS0011,49.0,18,1,4.350254,51.980909,977,9
HLT9113,49.0,19,1,4.34185550161043,51.9805589184495,979,16
HLT9114,49.0,20,1,4.34172475095003,51.9812835003891,978,16
HLT9111,49.0,21,1,4.34340908642432,51.984492451082,981,16
HLT9112,49.0,22,1,4.34386984598392,51.9844555740439,980,16
HLT9110,49.0,23,1,4.3445546140956,51.9904382380822,982,16
HLT9108,49.0,24,1,4.34451576358489,51.9950159296487,984,16
HLS0037,49.0,25,1,4.34923,52.000639,420,9
HLS0111,49.0,26,1,4.34569,52.01073,405,9
HLS0110,49.0,27,1,4.345658,52.010819,406,9
HLS0061,49.0,28,1,4.342006,52.010634,404,16
HLS0377,49.0,29,1,4.336646,52.014964,421,9
HLS0083,50.0,1,1,4.375616,52.011062,384,9
HLS0028,50.0,2,1,4.371574,52.008825,427,9
HLS0378,50.0,3,1,4.369782,52.006895,428,9
HLS0068,50.0,4,1,4.369292,52.006657,429,9
HLS0116,50.0,5,1,4.364431,52.008413,994,9
HLS0389,50.0,6,1,4.353549,52.002179,991,16
HLT9103,50.0,7,1,4.35471495962988,51.9988797312424,989,16
HLT9136,50.0,8,1,4.34964855010991,51.9963181966809,986,16
HLT9137,50.0,9,1,4.35095978841503,51.9964440182983,987,16
HLS0379,50.0,10,1,4.351844,51.993382,460,9
HLS0074,50.0,11,1,4.355611,51.994206,451,9
HLS0055,50.0,12,1,4.356705,51.992229,992,9
HLS0390,50.0,13,1,4.356705,51.992229,993,9
HLS0054,50.0,14,1,4.356705,51.992229,452,9
HLS0341,50.0,15,1,4.35737,51.991138,453,9
HLS0340,50.0,16,1,4.357765,51.991069,448,9
HLS0053,50.0,17,1,4.356582,51.993127,449,9
HLS0073,50.0,18,1,4.355471,51.995202,450,9
HLT9104,50.0,19,1,4.35476511156093,51.9992922928571,988,16
HLS0388,50.0,20,1,4.354358,52.002464,990,9
HLS0117,50.0,21,1,4.363506,52.008108,995,9
HLS0066,50.0,22,1,4.358199,52.010885,387,9
HLS0067,50.0,23,1,4.358576,52.01096,386,9
HLS0066,50.0,24,1,4.358199,52.010885,385,9
HLT9018,50.0,25,1,4.35704690017701,52.0080730919735,997,30
HLT9017,50.0,26,1,4.35748072231318,52.0073405197168,996,16
HLT9009,50.0,27,1,4.35348555332166,52.0117399481645,999,16
HLT9010,50.0,28,1,4.35338660514552,52.0120082910084,998,16
HLT9006,50.0,29,1,4.35269675363325,52.0174807751163,1001,16
HLT9004,50.0,30,1,4.35152274890028,52.0239712641758,1003,16
